1.Giri

[(17.5,91.5),(17.5,91.5),(17.5,91.5),(17.5,91.5),
 (18.0,92.0),(18.5,92.5),(19.0,93.0),(19.5,93.5),
 (20.0,93.5),(20.5,94),(21.5,95),]

9.Amphan 


[(10.4, 87.0), (10.9, 86.3), (10.9, 86.3), (11.1, 86.1),
 (11.4, 86.0), (11.5, 86.0), (12.0, 86.0), (12.5, 86.1),
 (13.2, 86.3), (13.4, 86.2), (14.0, 86.3), (14.9, 86.5),
 (15.6, 86.7), (16.5, 86.9), (17.4, 87.0), (18.4, 87.2),
 (19.1, 87.5), (20.6, 88.0), (21.9, 88.4), (23.3, 89.0),
 (24.2, 89.3), (25.0, 89.6),(25.4, 89.6),]

[(8.5,88.5), (8.75,88.25), (09.0,88.0),(9.25,87.75),(09.5,87.5),(09.5,87.5), (10.0,87.5),(10.25,87.5),(10.5,87.5),
(11.0,87.5),(11.0,87.5),(11.5,87.5),(12.0,87.0),(12.0,87.0),(12.2,86.7),(12.5,86.5),(12.5,86.5),(12.5,86.0),(12.5,86.0),(12.5,85.5),(12.5,85.5),(12.5,85.0),(12.5,85.0),(12.5,84.5),(12.5,84.0),(12.5,84.0),(12.5,83.5),(12.3,83.0),(12.0,82.5),(12.0,82.0),(12.0,81.7),(12.0,81.3),(12.0, 81.0),(11.8,80.6), (11.8, 80.3), (11.6, 79.9), (11.6, 79.5), (11.6 ,79.0), (11.6, 78.6), (11.6, 78.2),]
